5.989651094421841737e-01
-9.199676395874859525e-01
-8.226062976068867494e-01
-1.942294727373103380e-01
-2.192960706269339310e-01
6.856645546521650258e-02
-1.438752969710574980e+00
-4.675272354645251816e-01
-9.738523407301885593e-01
1.434552310453868440e+00
-1.102759096251344051e+00
2.833858912158851440e-01
-1.066482577172576801e-01
5.193259485852929486e-02
-4.736669413678750162e-01
2.473960494960251999e-02
-3.351202910008715397e-01
1.313527011190756877e+00
-8.311340930398839477e-01
-1.433873979158962753e+00
4.109067109474811574e-01
-1.974164841454607355e+00
2.472718926377195814e+00
-5.142485625071882005e-01
-1.099398315116802305e+00
2.013812093708870599e+00
5.445422055123511074e-02
-9.658116487298297193e-01
9.558076639132437879e-01
2.250280688925441641e+00
7.786179094603020712e-01
-1.040695408318849768e+00
3.712375934278260292e-01
1.897615112390788894e-01
2.123246603988549752e-01
5.635322378304812307e-01
2.866022802893598564e-01
1.140969423168774144e+00
1.059755086003386415e+00
-2.085067713527591682e+00
-3.205193250002439376e-01
1.568038236364728499e+00
-1.890382837608727717e+00
-7.542331979812879617e-01
4.905276301175725551e-01
-5.943412909373236852e-01
7.291044568555367089e-01
-2.361935664697966397e-01
-1.217719999431440714e+00
-6.080678428060323215e-01
-2.225028902717039792e+00
2.857477042516238241e-01
4.215104392026328695e-01
1.149464395984671983e+00
4.614387673747588625e-01
1.020827585187775582e-01
-2.013948229969592107e-01
-8.925077205850531770e-02
1.079572852350859646e+00
1.224450032027246449e+00
1.287545744578473927e+00
-4.197980049169477978e-01
-1.614307420505591395e+00
-6.475123094623355113e-01
9.659842058877059212e-02
1.004350469593635609e+00
-4.722378687556689769e-01
-3.467347666836853026e-01
2.482334946708845136e-01
-1.892874690666224158e+00
1.525819985620110175e-01
-7.661328697978431190e-01
-2.811878942421338068e-01
2.680687475016479623e-02
2.214772802028917020e+00
2.657833141503150309e-01
-1.841045342775592397e+00
-4.946801306033782875e-01
-9.222801123368153942e-01
-3.998513885843310578e-01
-2.306382539024004474e-01
-1.698126921268338640e-01
6.433681892027464100e-01
1.127164789901565323e+00
1.812807098290179497e-01
8.161645062014339924e-01
1.396631223406940681e+00
-1.411698835622116510e+00
5.312997046513914245e-01
2.559866833636824879e+00
-6.261317443414073924e-01
2.158311298972014625e-01
-5.745383786098788859e-01
3.083640758976179813e-02
-1.035828340106268008e+00
4.141817233569176637e-01
1.317701138268889460e+00
6.148028169144510446e-01
-9.825416600856795579e-02
8.157920628550252573e-01
2.715640324507761494e-01
-5.183606936562014100e-01
5.515235512345886271e-01
2.001955537656452400e+00
-1.493648166267318667e+00
-1.149691544529360288e+00
-1.751600373158026080e+00
1.099299420778313552e+00
1.309842389262811491e+00
8.258859506966591546e-01
-1.351861412997632295e+00
-1.568525879017351743e-01
1.731252505736867731e+00
-2.547177457403305700e-01
-2.376666464162713877e-01
1.140902357403690948e+00
-4.395194400522848821e-01
-6.774908773866623601e-01
-2.008580485275344163e+00
6.940279780502252027e-01
3.906421452713106923e-01
-1.204707932220946187e+00
-3.987416885098035157e-01
1.675302601450052564e-03
-5.760721890244802079e-01
-1.198304100473036593e+00
-7.374951146660284618e-01
-2.776202954487653751e-01
9.114588260153553279e-01
-2.086791721083128825e-01
-8.797469110487292632e-01
-1.238578506836876425e+00
6.733228676988985972e-01
6.516017699367721017e-01
8.660860945976636138e-01
-5.540258190739864030e-01
-4.909143128555287783e-01
6.494508312431281905e-01
-1.799747728235213673e+00
8.343691619161375250e-01
-2.608295174774906133e-01
-5.625570583645036482e-01
-1.878191428624181036e-01
-8.712835183068342593e-01
-1.053850451447166492e+00
7.152399842299920207e-01
-1.697176968645112805e+00
3.341721210603287306e-01
5.780323431997832495e-01
6.271944376290107259e-01
-4.074593527539422944e-01
-5.836792388359880041e-02
-2.955359114334850656e-01
1.858153384086818904e-01
7.854844635639810502e-01
5.266391624797757132e-01
-4.293481749849508144e-01
-2.336585574197017623e-01
4.703557954814416298e-01
-7.611267327439863450e-01
-1.301093991984095810e+00
-5.712150420500813341e-01
-4.569025869017547259e-01
1.065285313820769769e-01
-8.717453843185218876e-01
1.730731409018582689e-01
-4.203926701626615331e-02
-1.526069966700001501e+00
8.494242585664085743e-01
-4.344023758044436578e-02
-1.401338072648032673e+00
-1.173180021082444791e+00
-3.224910375901646753e-01
-2.009548436488456602e+00
-9.048138640527734200e-01
8.471788173659710042e-01
2.784117982537885450e+00
-7.532588824969944641e-01
3.464508388524580318e-01
1.128936287100831548e-01
-1.507371597745317038e+00
-2.318059165150179179e+00
-3.908135939181429097e-01
-1.079459125160746463e-01
7.758473763323332495e-01
1.526981502086415032e+00
9.685742871682281319e-01
-2.145753563892188076e+00
6.360689341627895343e-01
1.491635407680995395e-01
-8.901402941403277480e-02
-1.148269836412677547e+00
-8.610174198989876126e-01
-1.350400347410942059e+00
-7.580053131081551099e-01
9.577729956229997788e-01
-1.598904192872506735e-01
-1.462047670368004537e+00
1.142430995101694213e+00
2.048418305571223730e+00
-1.888365902894503512e-01
1.512570162201196000e+00
-4.945743117276787393e-01
-1.279185932421099237e+00
1.989395563016400637e+00
-7.078507183896751709e-01
2.823899088382890277e+00
2.866909237678255673e-01
-1.626659839012332798e+00
-2.862184024697574380e-01
3.694045281187386953e-01
1.115554248473637378e+00
-1.264710265487965390e+00
-6.846077498101575953e-01
7.609447098735961923e-01
3.176149636338340687e-01
-7.825339276404421618e-01
5.971352737094842711e-01
1.539948534491673460e+00
-8.158523595441775633e-01
-1.221072609329313802e-01
-1.880013488983219849e+00
-1.051574831909399266e-01
1.071689026002664358e+00
2.245753241573171799e+00
6.595647702275253543e-02
-6.242761423085028127e-01
-7.034119783733512321e-01
1.359063266991396901e+00
-5.370675104699281777e-01
-4.059765151176059628e-01
7.044390536888577303e-01
7.842227522837016407e-01
-1.350659796542080793e+00
-1.844487875082965633e+00
4.503077422567757122e-03
1.202991323537571655e-01
-1.314071503025063814e+00
-7.904693822334666331e-01
4.852447081495435133e-01
5.315858751394428872e-01
5.728990387731183187e-01
-2.296162344653303877e-01
-1.493110853313464270e+00
9.366521988065634741e-01
9.540994196770340441e-01
6.943598001395230312e-01
-8.506148674447424618e-01
-2.907069748314849433e-01
-1.029799566235660158e-01
1.112446244093049152e+00
-2.340414277644834173e-01
8.463533071585150891e-01
-1.414715086831029589e-01
8.134056885719845864e-01
-4.891583501655976107e-01
-6.830094241277381295e-01
-1.140318381577970497e+00
-9.112540530566043406e-01
-3.369401570229629272e-01
-1.230726325307786251e+00
-1.709155551657123850e-01
7.373426802747945485e-01
1.975049733354045545e+00
9.628499743863926374e-01
1.310601609178393634e+00
-1.890138368664075752e-01
-1.744111952292270451e-01
3.623782022549880688e-01
-1.215014141251573365e+00
-2.103927285853161300e-01
1.610894612587535857e+00
-2.675598319857879215e-01
-8.889240982280649517e-01
-5.591558382376905501e-01
-8.043160400887279238e-01
-2.427684349527677865e-01
2.117612492931217616e-01
-1.440886361626848133e+00
-2.199651944808962423e-01
4.550575757108134556e-01
1.050049865628939205e+00
7.273790729612531480e-01
1.590427992232503307e+00
-1.864568434521411133e-01
-8.304436839273383608e-01
1.100090890779786612e+00
6.132072893033478911e-01
1.571085767155021795e+00
-4.790748155049959212e-01
-6.331873138657310163e-01
3.691901277621805755e-01
1.383967746440934565e+00
-1.640051229742393035e+00
-5.155777090676642027e-01
-2.858250217368328849e-01
1.887559569839130924e-01
7.867922409283127916e-01
-3.071803769515644156e-01
5.104090855061216292e-01
-6.346448789134322421e-01
1.291883643868469322e+00
-7.163107744436332247e-01
1.585401519269225235e+00
-1.322318997166492260e-01
-4.887589460781853190e-01
5.482607209136201032e-01
-1.440285956227105535e+00
2.849199347818221484e-01
2.156692952936745955e-01
8.319305601898728808e-01
1.211563504175934503e+00
-2.226399207605870068e+00
1.323797569611509184e+00
-2.587526380338142640e-02
2.812283775678234843e-01
3.472057572815435145e-01
-1.274012095376064524e+00
-2.851762274159612767e-02
7.169668207128794268e-01
-4.893559087341853298e-01
2.128671273295973942e-01
1.214673386758173379e+00
1.152449716847558259e+00
2.561432826401411678e+00
-8.682261738413894758e-02
-4.534028410349074112e-01
1.505736684445556195e+00
-8.952289268190292137e-01
4.733518857102034794e-01
1.740767316679602938e+00
4.076313166967514001e-01
1.048751203085755535e+00
1.656218668763453084e-01
-1.772067364316022020e-01
1.115290591276518750e+00
-2.351887832382767163e-01
1.399532519070107728e-01
-5.955510851233556391e-01
-4.604988631545260391e-01
1.307353343506832410e-01
-2.705884633649341620e+00
-1.019681133470162759e+00
6.420173089556048263e-01
1.138493759507754222e+00
-1.171776239886851562e-01
-9.311046119432521140e-01
-6.612142144185482184e-01
-2.496755246121152294e-01
-1.262750001132034505e+00
-1.646537688483681094e+00
5.494486146998157627e-01
7.335731992121324874e-01
-1.181053230888629152e-01
3.196702479372744987e-01
1.054968315069676033e+00
-1.019172659804897130e+00
2.415907887017174627e+00
-1.411416923261367806e+00
1.727009972283015948e-01
-1.064923818494747376e+00
1.076491448791686789e+00
1.116900889416509335e+00
-1.293854960004682031e+00
4.125840001467481755e-01
2.656644497555977202e-01
-1.448887594914816779e+00
4.588363290451284437e-01
1.724649269809913343e-01
1.110619678037531255e+00
-5.943974821910347206e-01
-1.514128527021157411e-01
1.926172847464032445e-01
-1.213961455752497337e-01
-1.606140787223563626e-01
6.429826129658506861e-01
-3.908718824316837481e-01
-6.362890836253164428e-01
1.954212655897082374e-01
-1.703207824828775196e-01
-3.807588654235074532e-01
-1.043970718361757255e+00
-1.386751250352471043e+00
-5.294535011618549669e-01
-1.008665089178293339e+00
-1.647510985335968847e+00
-8.409015346274391067e-01
1.911501509230680851e+00
-6.096465130677068966e-01
2.697459895545317732e-01
1.865245369858641589e-01
1.825963972816204428e-01
2.817726788663016402e-02
-7.779344427535472839e-01
-8.196290781955175575e-01
-3.898633232796639980e-01
-1.458754049435451727e-01
-5.414312287217027189e-03
7.904697336807401387e-01
7.553682073598280144e-01
-1.357974406885220198e+00
4.397606405349249181e-01
-2.089359970986632842e+00
3.937938329356888145e-01
-3.078092745135255770e-01
3.156345879685515055e+00
-1.358741474142353800e+00
-9.510807197228669796e-02
1.946485461743523437e+00
7.459059163242784951e-01
5.208269427952043618e-01
6.662888470221387527e-01
-1.649969497199779145e+00
1.274963300811759348e+00
-1.442270376761593642e+00
4.443618808984249324e-01
-1.222941523352721660e+00
1.236596935548208709e+00
-1.461182091872365918e+00
8.904647305154040904e-01
-8.949810532173484434e-01
-9.884368904935258993e-01
4.046893987022061046e-01
-1.299786096976413285e-01
-8.062011383324931835e-01
1.508723388517787534e-01
-3.479552095801606848e-01
-6.696895624310837958e-01
-2.178326169911616539e+00
7.580857788051501567e-01
1.539815185188818658e+00
-1.650068785069392918e-01
1.795916552951435374e+00
-6.151697695669792187e-01
-7.959689361181837564e-01
-2.562339406966207545e-01
2.126730826801028623e-02
6.436292804803825929e-01
-7.723348502114535385e-01
-2.246846479274644981e+00
6.642055693002961725e-01
4.546259220341574703e-01
-1.405706021873392553e+00
1.730441495279019526e-01
-1.319457108121015576e+00
1.399265951899646421e-01
5.375254486907412588e-01
-2.146907514998855682e+00
-4.145716515340543418e-01
1.957459410759032348e-01
-2.460162223040646967e-01
-1.973703966938822330e-01
5.142248209007441728e-01
-2.711516153735042400e-01
1.424446275004673357e+00
-2.573855460143207874e-01
-1.140969285326943083e+00
-2.104797318614244350e+00
-1.367549552394426160e-01
1.733307139861151036e-01
5.381170343983862070e-01
-6.815952186200937568e-01
-7.643562530973423419e-01
8.089745882221913709e-01
-1.396293799933490787e+00
-9.256639762587489662e-01
-1.813936351644402700e+00
-2.474297467949793550e+00
1.730840751420611001e+00
1.888888840241615297e+00
1.196234988525565202e+00
-7.997812900769282196e-01
1.023597466538478384e+00
-2.730817193468125237e-01
2.077137235132770765e-01
5.937726704030139580e-01
-7.541675838951497068e-01
-1.329135671133947039e+00
-9.954025820319708506e-01
-3.684943434259389528e-01
1.222250236033308957e+00
-1.616485475536945104e+00
-1.588044911339719922e+00
6.676021799589723082e-01
-7.137473803969273112e-01
-2.688389334004098186e-01
7.357849028654723789e-01
4.480909001112661633e-02
6.583093455582346154e-01
6.320203493571938669e-01
-9.099659268469787454e-01
-1.173011952960690607e+00
1.479431511167860647e+00
-1.134737440674904008e+00
9.735072419882738748e-01
-6.413923456270581580e-01
1.075448955763800507e+00
2.381850410366959991e+00
-2.860107651098752757e-01
-8.857066180855940329e-01
-8.773869739775498333e-01
-1.580132929009493870e+00
1.622824900596545605e+00
-6.606185669796768023e-01
-6.321161691826292506e-01
1.416425855036845816e+00
-2.987319369352062215e-01
-4.233364728538014377e-01
-4.884730385685094878e-01
1.692867577089912201e+00
2.645886523347083519e-01
-9.247516948395784198e-01
9.013325984313359518e-01
-3.019073072784637546e+00
-3.180869321229918611e+00
7.975221781928799603e-01
-6.969331010842929608e-01
-2.252065908151325568e-01
-2.188314969980948155e-01
3.671931849065458442e-01
-2.085240049254577954e+00
-4.177648215882275307e-01
2.092128252647452655e-02
8.944661715732189489e-01
4.602959618429852684e-01
-1.007872109386290571e+00
8.833151075452629897e-01
1.294878364206589305e+00
9.638070374310033772e-01
1.560716528789502178e+00
1.408392006035512178e+00
8.086353581869666352e-01
-4.888115363769175437e-01
-7.177251786747200490e-02
-3.465903429348916598e-01
9.904745780160345570e-01
-2.148832163576157306e-01
-4.623431362955596896e-02
-1.691466241017224870e-01
-1.827649921220635632e+00
1.694552309089167652e+00
3.458988715968560057e-01
9.923090008312392962e-01
1.507396967745291139e-01
1.200872389964724452e+00
2.925377732412702270e-01
1.548497024402653688e+00
-1.651781215997594476e-01
1.139297002515890389e+00
-9.204267510980557176e-01
6.256836556380055425e-01
-7.850780358887087251e-01
2.435133746460917681e-01
7.329250840612260287e-01
-5.354291990000758367e-02
4.503981599579211514e-01
-6.503956265369493783e-01
-5.907023647266469446e-01
1.392733902496684051e+00
4.177147508001692877e-01
2.271343888808901590e-01
2.141377043818298187e+00
2.203513581089288631e-01
6.329608081141513409e-01
1.350627942407980342e+00
-1.106297020830204980e+00
-2.277769464498076157e+00
-1.068350591768899571e+00
-3.095853377341062918e-01
-1.745877319287616691e+00
4.776336267901052923e-01
2.346248905197598322e+00
-4.858875089275384584e-01
-2.811055325043406161e-01
-1.052735489293985083e+00
-2.189108790644031521e-01
1.401599155823391563e+00
2.422709848001209920e-01
1.052337253179945337e-01
-1.521401487311706102e+00
-4.101518440075672678e-01
-1.299681885019523753e+00
9.142228310434338256e-01
7.474183736500054076e-01
2.156565465635662093e+00
-1.139069534871648637e+00
2.181381558887936223e-01
-8.289984300934427619e-01
-8.468723595284377570e-01
6.325045918770076936e-01
1.005790676715344834e+00
1.114896211425083550e+00
5.722978839697661080e-01
-1.370313472577594727e+00
9.163096319440849902e-01
1.244039941073948663e+00
2.736564647942297812e-01
-3.699565893952661555e-01
-2.040243891287072842e+00
1.131421427993874573e+00
9.007569743381302896e-01
3.698816057872056917e-01
7.499241006128001263e-01
-6.153488843827954469e-01
7.568028662503019366e-02
-1.022401221974021279e+00
7.984845894960020951e-01
-3.798563375634103068e-01
1.456826208536116551e+00
1.391006813154105570e+00
-1.133267892318005732e+00
1.354304004819846696e+00
-1.276452560361090116e+00
-2.010321170568661664e+00
2.020800947435261730e-01
1.243483460295296661e+00
8.891372434461795038e-01
-3.300534641487477827e-02
5.545058243674814147e-01
-1.660629154362455395e+00
4.154800953170610378e-01
-1.124727579026649993e+00
1.179867944389031420e+00
-6.709307685924565945e-01
-1.645630092797282229e+00
3.244713358519668578e-01
4.398885865741062884e-01
9.658076970515180326e-01
-5.113074808312462194e-01
6.175818587636470181e-01
7.166157335946334028e-02
-7.847082391045626659e-01
-8.252408509965994954e-01
2.550920825826409888e-01
-9.284182738553259373e-02
1.286251451098198606e+00
-6.958805215432282143e-01
4.458466852458264906e-01
5.137682858838964473e-01
6.007690007292129097e-01
-2.076817493508134604e-01
9.020776464304582909e-01
2.933756595960118063e-01
4.508876492646964329e-01
1.131542892416211643e+00
-1.009426277765118174e+00
8.995040616116342092e-01
-5.091559357524659823e-01
5.224817346460821632e-01
5.136419239358547273e-01
5.380073026332249375e-01
1.927767119090946779e-01
6.721405361392472910e-01
-1.692593563213641850e-01
1.954803598280740129e+00
-2.156951165549107152e+00
-2.334574126089435098e-01
4.767211151305195127e-01
1.253820806637258034e-01
-4.838456820843750616e-01
7.683849004399194715e-01
-5.148876061057598985e-01
5.969499269792429841e-01
-2.591166783312872646e-01
-6.365836052116069510e-01
-7.368277228305949444e-01
9.521688708438735133e-03
1.503585535560908681e+00
-2.390743310906632557e-01
1.403882335005770088e+00
-7.714519387251052296e-02
-8.489462964960322600e-01
1.096229583297636312e+00
-3.771530414662120911e-01
1.313263413908468680e+00
1.441077120321623495e+00
1.346667702879992268e-01
6.794612358868294955e-01
7.539845814693610926e-01
6.599855932048068752e-01
-1.758811536397962616e+00
1.859515395684307348e+00
1.650346321808004557e+00
6.848039781222826639e-01
-2.364852669405727859e-01
-4.200157375746278454e-01
2.083306530339812390e+00
1.092231970339475611e+00
1.727682461704941996e+00
1.186243452596671855e+00
1.181960308536220472e+00
5.869648481971012632e-01
1.767271320697721970e+00
-7.683127817551989036e-01
-3.511172377466674766e-01
7.505203367886849053e-01
-2.317390397968547067e+00
-3.672290992691204514e-01
-8.524876249284564222e-01
2.687335944184792713e-01
-4.562852864360562345e-03
6.529832814902839511e-01
7.991911612653388453e-01
-1.002784958569406665e-01
8.727515229801295626e-02
7.551743091001235086e-01
-1.909233298616595409e+00
5.629105207868235761e-01
8.878908367326248108e-01
7.158302833807176357e-01
-8.811648759217705074e-01
-9.123122014743718644e-01
-4.167479676919474407e-01
-4.404694872463912336e-01
-9.435884674621645984e-02
-4.328214476495522711e-01
6.858640893860551424e-01
-1.273007620488726399e+00
3.962586467980155902e-01
-1.128159557854073181e-01
-3.845996160301785038e-01
-1.075570386386887289e+00
1.334190064517335239e+00
-1.155689093505501086e+00
1.163522877961090218e+00
-1.590113491562296019e-02
-9.185821406357825847e-01
-1.012541594292706515e+00
-1.036548089384396798e+00
2.031453467167663618e+00
4.432716888290502699e-01
-2.027816236192615806e-01
1.952975454853290715e-01
1.739353046447086992e+00
-7.628302262464683459e-01
-6.173276623340852032e-01
1.130077618738833056e+00
-9.765204870099314372e-01
-3.820827971189094119e-01
-1.197294492917319181e-01
-3.086367529875927440e-01
1.221660600099250121e-01
-1.406061032884587281e+00
-1.342713713814952081e+00
8.016327657629367387e-01
5.185888867692739490e-02
7.500839673576106259e-01
7.725592218302578251e-01
-1.655863844132989815e+00
-6.956212509792451815e-02
-1.170208496613973637e+00
3.366470835469412282e-01
3.369192818018115210e-01
-3.868881937026788509e-01
8.849138541001895231e-01
3.541418182550402083e-01
-6.047255758284429961e-01
-2.638193504633511155e-02
6.491607301519620732e-01
1.912222215201161202e+00
-3.186835562117845133e-01
-2.398081490571398466e-01
-3.497962374122498552e-01
1.401906113425268607e-01
-3.752436721363804351e-01
-1.583818324665144273e+00
-1.687630752317542004e+00
-5.724818044277656393e-01
-4.101987230660576744e-02
2.152151580909399120e-01
-1.268826206307946958e-01
-1.239098735905960647e+00
-1.043204328525374924e+00
1.532177314915334154e+00
-2.847269659989799973e+00
3.468048836198656670e-01
-6.748052761700022995e-01
-2.375509340615362674e+00
-5.569944703689446719e-01
-1.098711026057755946e+00
-1.580974752799153837e-01
-5.886466484415697753e-01
-6.280487609081079059e-01
-1.233347227985658989e+00
-1.050308721546442184e-03
-1.405773720504819746e+00
7.540661895313709451e-01
5.232138334208410457e-01
4.498862694976910048e-02
-1.797885625641835405e+00
-1.528935635487447930e+00
9.529891575135059079e-02
-1.316833258170292842e+00
-4.982998522561747912e-01
1.334752565612407960e+00
-3.526073720156905900e-01
-3.688996249954420298e-02
3.296121993340170864e-01
1.793353187825928341e+00
5.591323031452732906e-01
-1.671412224674858615e+00
4.004486038994525821e-01
1.164348159808672678e+00
-7.188696916957532101e-01
1.047721629354585904e+00
-1.244989098827065099e+00
3.430717319840191348e-01
2.210304480682517170e+00
-1.300413601273662234e-01
-2.855608891102842106e-01
1.722037990797659901e-01
1.171032704980111250e+00
-6.219097927349356292e-01
-4.801688726773437055e-01
-6.009893498335910911e-01
5.115208829995541995e-02
-6.575779227465895493e-01
-1.960797944203440446e+00
6.810717988363225173e-01
5.205390715807214352e-01
1.667497609092637223e+00
8.306976249861011685e-02
8.534703161207009281e-02
-1.621648305510863530e-01
-5.190885695126743471e-01
1.663403055309108369e-01
-6.691611558663220771e-01
1.207091287303284854e+00
9.826119273856734893e-01
2.126559744124793261e-01
-2.622196260513243726e-01
6.319037691534806767e-01
5.467396016065224629e-01
4.713104717261420995e-01
-1.688920528360181306e-01
-5.984569792281179135e-01
4.532471444440817621e-01
-1.331082075138293741e-01
1.416070025001815169e-01
4.458522057521648874e-01
1.491636324612023889e+00
1.117697997239472052e+00
6.291740734647432998e-01
-1.974473633043133169e+00
-1.217375043924221911e+00
-4.181022525996145323e-01
4.987699546039005005e-01
2.018054143833819258e-01
-2.006103780877173559e+00
-1.477315810054361744e+00
-9.386443126791590430e-01
-3.189569852690659485e-02
-9.128255618775966973e-02
-3.537742103359207690e-01
4.464894575531493798e-02
-2.033296790493522632e+00
-9.179085252663939931e-01
-8.101035263919174056e-01
2.347714091513663226e-01
1.890908585541428988e-01
-3.074895675522527905e-02
1.576006390880179353e+00
-7.374752779185450580e-01
-1.328797051359130288e+00
6.218593375276625368e-01
-5.361677723240143578e-01
-1.562561725543741176e+00
5.590707046405292147e-01
1.390362942644864652e-01
1.348312117348077654e+00
-8.858000512475643351e-01
-2.176285327079531484e+00
-9.744430167802492493e-01
-1.608003013608095833e+00
-1.329687651760681932e+00
-1.996431198143446828e-01
-9.076654060742467278e-01
-6.060906613244203545e-01
-1.077555911038839964e+00
6.849456198030714482e-01
-8.615926101764936895e-01
-2.427374711023007892e-01
7.779494479567711229e-01
1.495510422991183752e+00
-8.153095033146559034e-01
-2.215916957877673621e+00
-3.592906210927364064e-01
-5.987635027634814477e-01
-7.676819133966962250e-01
1.416373030426932411e+00
-2.392911748566159957e+00
-4.941560153121627996e-01
-1.000374687058760842e-01
6.720332251385360278e-01
1.285698238194546761e+00
3.445647558805122745e-01
-1.276322577280774251e+00
-1.848250018454783206e+00
2.573986433020984954e+00
1.542955444593283043e-01
-1.416734255645314411e+00
-6.326446777792725795e-01
-7.832872766798844311e-02
-1.216954778244222268e+00
-2.244415009629613378e-01
-5.419764130125585000e-01
3.152873890745794827e-01
1.278644028935657317e+00
-8.284501033526862068e-01
-1.299568521529006704e+00
-1.047582512371415309e+00
-4.381590028219465305e-01
-2.007861311641871704e-01
-1.762251341140405936e+00
9.506628529195018107e-01
-8.720743445819562067e-01
1.504991375749777482e+00
-1.053362325283850653e+00
-1.533040085834806332e+00
-7.909782280698234302e-01
2.341749110369758385e-02
1.001372648433517254e+00
4.138048501898953235e-01
-5.839056179002394265e-01
4.824641524998424247e-01
-2.533303955360611148e+00
-9.740148545404471170e-01
1.483924988874861128e+00
-8.043615658358387044e-02
-2.693318546959481141e-01
-4.467828485489003798e-01
2.029709800590926150e-01
9.409754362487789958e-01
-1.879377223969361244e-01
-3.836081424297745901e-01
4.755936418760246531e-01
-1.921404645284469304e+00
8.334989736707223429e-01
3.129113769906195497e-01
7.295099976152658039e-01
3.190996336032070335e-01
1.636294739091823103e-01
6.546918639840689780e-01
2.699135419958894055e-01
1.513569433401669162e+00
1.460045983841121053e+00
1.909382051745339925e+00
1.512887711902951127e+00
1.632512868485551660e+00
-1.035573037302065735e+00
1.053213654257793008e+00
1.645851272052813341e+00
-5.347591806377428592e-01
1.223932843374520685e+00
-7.432865876645416980e-01
-3.921914833758449181e-01
6.151407055030322368e-01
-1.731692675604705189e-01
2.730817505578059468e+00
1.286160491368447956e-01
3.258471349900621261e-01
4.526955005724647707e-02
1.603999871435652702e+00
2.254338423262007396e+00
1.681105005722687729e+00
-1.091350329307439582e+00
1.013602412408235010e+00
3.533544729027185416e-01
-6.195652566820020191e-02
1.907104543844584943e-01
-2.185245581100628970e-02
8.089226648556878674e-01
-1.219922864638689902e-01
-4.907336550070339198e-01
-5.920791766564051928e-01
3.338995358782266831e-01
-3.016210570460357010e-01
9.444249563022407701e-01
2.147396014344345738e-01
6.674672854528128640e-01
-1.063547435289324605e+00
1.120841558436849406e+00
5.088835624247730616e-01
1.013934146480710785e+00
-8.910026272082383070e-01
-9.863783815864776150e-01
-2.964772334716954671e-01
-2.532640939095255117e+00
9.316245958692873641e-01
-1.747862145311916304e+00
-5.055192883839721985e-01
6.078180947600928530e-01
8.324517385030405503e-01
1.107072278735485721e-01
6.091245004008578601e-01
1.122657183130522096e+00
2.109067442300369688e-01
3.681355274550271450e-01
-9.505530793736152173e-01
8.504447166330971752e-01
